[ 4815882282535242|12|2027|555
4815880278888310|12|2027|233
4815882874684028|12|2027|753
4815883078883317|12|2027|438
4815882258342656|12|2027|280
4815880280768674|12|2027|873
4815885542354742|12|2027|755
4815883752254561|12|2027|608
4815888634760800|12|2027|379
4815887541856560|12|2027|571
4815882610673517|12|2027|848
4815884280030218|12|2027|141
4815884623252255|12|2027|068
4815884373737265|12|2027|563
4815887223615201|12|2027|815
4815886755343364|12|2027|385
4815886386603574|12|2027|569
4815884833342862|12|2027|037
4815882386280810|12|2027|304
4815888278458257|12|2027|500
4815881271535668|12|2027|181
4815880626672820|12|2027|742
4815882257220044|12|2027|200
4815881105521124|12|2027|751
4815885538005266|12|2027|890
4815883656415052|12|2027|293
4815887626531674|12|2027|785
4815884423102627|12|2027|874
4815888460483642|12|2027|047
4815883003530272|12|2027|028
4815886736501148|12|2027|633
4815880430655383|12|2027|342
4815884633637685|12|2027|043
4815888673120767|12|2027|806
4815887334184261|12|2027|925
4815883142364823|12|2027|923
4815884023306313|12|2027|237
4815882568452815|12|2027|653
4815888038626581|12|2027|798
4815883612227021|12|2027|459
4815887174875556|12|2027|299
4815883643453661|12|2027|819
4815888365515555|12|2027|975
4815880531081174|12|2027|629
4815883412400547|12|2027|726
4815881253575070|12|2027|381
4815887385705006|12|2027|996
4815884824650380|12|2027|123
4815888505268024|12|2027|309
4815883186540247|12|2027|534
4815883843133022|12|2027|363
4815885013543450|12|2027|738
4815886066513010|12|2027|755
4815881516824158|12|2027|422
4815882456714755|12|2027|592
4815882871232631|12|2027|357
4815883760512331|12|2027|222
4815881767203086|12|2027|190
4815884456511157|12|2027|521
4815885012255106|12|2027|922
4815885031860852|12|2027|070
4815880186574317|12|2027|475
4815885110577740|12|2027|708
4815888576046747|12|2027|323
4815887333220744|12|2027|532
4815887683825340|12|2027|486
4815882378038424|12|2027|813
4815880265335473|12|2027|214
4815881520756552|12|2027|072
4815886585454274|12|2027|268
4815882446161133|12|2027|252
4815888517721622|12|2027|398
4815883754130421|12|2027|407
4815881422316372|12|2027|140
4815887165645273|12|2027|696
4815880683183232|12|2027|732
4815885623860567|12|2027|974
4815880165534233|12|2027|177
4815881566331211|12|2027|964
4815886321657750|12|2027|705
4815887450732844|12|2027|050
4815883388063550|12|2027|907
4815888274017883|12|2027|840
4815882223726066|12|2027|402
4815880282155862|12|2027|094
4815884330507504|12|2027|482
4815880254317367|12|2027|408
4815887686627552|12|2027|486
4815880830715621|12|2027|555
4815883702637642|12|2027|655
4815887860175436|12|2027|945
4815880216187155|12|2027|124
4815887202351430|12|2027|490
4815884848320002|12|2027|788
4815880472188400|12|2027|219
4815884115722187|12|2027|675
4815881041311283|12|2027|577
4815886874521288|12|2027|254
4815887126424818|12|2027|038
4815887755635304|12|2027|230 ]
[ NOTE : Please don't use cc generator because it can make the API down ]
